NORTH_LATITUDE=35.72351
SOUTH_LATITUDE=35.71129
EAST_LONGITUDE=51.431343
WEST_LONGITUDE=51.407055