MIN_TIMESTAMP=2021-06-01 00:00:00.024000
MAX_TIMESTAMP=2021-06-14 23:59:59.997000