NORTH_LATITUDE=35.772666931152344
SOUTH_LATITUDE=35.718475341796875
EAST_LONGITUDE=51.44236755371094
WEST_LONGITUDE=51.30778503417969